78 137
77 136
77 134
76 133
75 131
77 131
79 131
80 131
82 131
84 131
86 131
88 131
90 131
91 131
93 131
95 131
95 132
95 133
95 134
93 134
91 134
90 134
88 134
86 134
84 134
82 134
80 134
79 134
77 134
75 134
75 135
75 136
75 137
77 137
79 137
80 137
82 137
84 137
86 137
88 137
90 137
91 137
93 137
95 137
95 138
95 139
95 140
93 140
91 140
90 140
88 140
86 140
84 140
82 140
80 140
79 140
77 140
75 140
75 141
75 142
77 142
79 142
80 142
82 142
84 142
86 142
88 142
90 142
91 142
93 142
95 142
95 142
96 141
97 140
98 139
99 138
100 137
99 136
98 135
97 134
96 133
95 132
94 131
93 130
92 129
91 128
90 127
89 126
88 125
87 124
86 123
85 122
84 121
83 120
82 119
81 118
80 117
80 116
80 115
80 114
80 113
80 112
81 111
81 110
81 109
81 108
81 107
81 106
81 105
81 104
81 103
81 102
81 101
81 100
81 99
81 98
82 97
83 96
84 95
85 94
86 93
87 92
88 91
89 90
90 89
91 88
92 87
93 86
94 85
95 85
96 85
97 85
98 85
99 85
100 85
101 85
102 85
103 85
104 85
105 85
106 85
107 85
108 85
109 85
110 85
111 85
112 85
113 85
114 85
115 85
116 85
117 85
118 85
119 85
120 85
121 85
122 85
123 85
124 85
125 85
126 85
127 85
128 85
129 85
130 85
131 85
132 85
133 85
134 85
135 85
136 85
137 85
138 85
139 85
139 85
141 85
142 86
144 86
146 87
147 87
149 88
151 88
152 89
154 89
154 87
154 85
154 84
154 82
154 80
154 78
154 77
153 75
153 73
153 71
153 69
153 68
153 66
153 64
153 66
153 68
153 69
153 71
153 73
153 75
153 77
153 78
153 80
153 82
153 84
153 85
153 87
153 89
152 89
151 89
150 89
150 87
150 85
150 84
150 82
150 80
150 78
150 77
150 75
150 73
150 71
150 69
150 68
150 66
150 64
149 64
148 64
147 64
147 66
147 68
147 69
147 71
147 73
147 75
147 77
147 78
147 80
147 82
147 84
147 85
147 87
147 89
146 89
145 89
144 89
144 87
144 85
144 84
144 82
144 80
144 78
144 77
144 75
144 73
144 71
144 69
144 68
144 66
144 64
143 64
142 64
141 64
141 66
141 68
141 69
141 71
141 73
141 75
141 77
141 78
141 80
141 82
141 84
141 85
141 87
141 89
140 89
139 89
138 89
138 87
138 85
138 84
138 82
138 80
138 78
138 77
138 75
138 73
138 71
138 69
138 68
138 66
138 64
137 64
136 64
135 64
