133 158
132 157
131 156
130 155
129 154
128 153
127 152
126 151
125 150
124 149
123 148
122 147
121 146
120 145
119 144
118 143
117 142
116 141
115 140
114 139
113 138
112 137
111 136
110 137
109 138
108 139
107 140
106 141
105 142
104 143
103 144
102 145
101 146
100 147
99 148
98 149
97 150
96 151
95 152
94 153
93 154
92 155
91 156
90 157
89 158
88 158
87 159
86 159
85 159
84 158
83 158
82 157
81 156
80 155
79 154
78 153
77 152
76 151
75 150
74 149
73 148
72 147
71 146
71 145
71 144
71 143
71 142
71 141
71 140
71 139
71 138
71 137
71 136
71 135
71 134
71 133
71 132
71 131
71 130
71 129
71 128
