142 187
144 188
145 188
147 189
148 189
150 190
152 191
153 191
155 192
156 192
158 193
158 191
158 189
158 187
158 186
158 184
158 182
158 180
158 178
158 176
157 175
157 173
157 171
157 169
157 167
157 165
157 164
157 162
157 160
157 158
157 160
157 162
157 164
157 165
157 167
157 169
157 171
157 173
157 175
157 176
157 178
157 180
157 182
157 184
157 186
157 187
157 189
157 191
157 193
156 193
155 193
154 193
154 191
154 189
154 187
154 186
154 184
154 182
154 180
154 178
154 176
154 175
154 173
154 171
154 169
154 167
154 165
154 164
154 162
154 160
154 158
153 158
152 158
151 158
151 160
151 162
151 164
151 165
151 167
151 169
151 171
151 173
151 175
151 176
151 178
151 180
151 182
151 184
151 186
151 187
151 189
151 191
151 193
150 193
149 193
148 193
148 191
148 189
148 187
148 186
148 184
148 182
148 180
148 178
148 176
148 175
148 173
148 171
148 169
148 167
148 165
148 164
148 162
148 160
148 158
147 158
146 158
145 158
145 160
145 162
145 164
145 165
145 167
145 169
145 171
145 173
145 175
145 176
145 178
145 180
145 182
145 184
145 186
145 187
145 189
145 191
145 193
144 193
143 193
142 193
142 191
142 189
142 187
142 186
142 184
142 182
142 180
142 178
142 176
142 175
142 173
142 171
142 169
142 167
142 165
142 164
142 162
142 160
142 158
141 158
140 158
139 158
139 160
139 162
139 164
139 165
139 167
139 169
139 171
139 173
139 175
139 176
139 178
139 180
139 182
139 184
139 186
139 187
139 189
139 191
139 193
138 193
137 193
136 193
136 191
136 189
136 187
136 186
136 184
136 182
136 180
136 178
136 176
136 175
136 173
136 171
136 169
136 167
136 165
136 164
136 162
136 160
136 158
135 158
134 158
133 158
