139 85
141 85
142 86
144 86
146 87
147 87
149 88
151 88
152 89
154 89
154 87
154 85
154 84
154 82
154 80
154 78
154 77
153 75
153 73
153 71
153 69
153 68
153 66
153 64
153 66
153 68
153 69
153 71
153 73
153 75
153 77
153 78
153 80
153 82
153 84
153 85
153 87
153 89
152 89
151 89
150 89
150 87
150 85
150 84
150 82
150 80
150 78
150 77
150 75
150 73
150 71
150 69
150 68
150 66
150 64
149 64
148 64
147 64
147 66
147 68
147 69
147 71
147 73
147 75
147 77
147 78
147 80
147 82
147 84
147 85
147 87
147 89
146 89
145 89
144 89
144 87
144 85
144 84
144 82
144 80
144 78
144 77
144 75
144 73
144 71
144 69
144 68
144 66
144 64
143 64
142 64
141 64
141 66
141 68
141 69
141 71
141 73
141 75
141 77
141 78
141 80
141 82
141 84
141 85
141 87
141 89
140 89
139 89
138 89
138 87
138 85
138 84
138 82
138 80
138 78
138 77
138 75
138 73
138 71
138 69
138 68
138 66
138 64
137 64
136 64
135 64
